(kicad_pcb (version 20171130) (host pcbnew "(5.0.2)-1")

  (general
    (thickness 1.6)
    (drawings 11)
    (tracks 101)
    (zones 0)
    (modules 19)
    (nets 30)
  )

  (page A4)
  (layers
    (0 F.Cu signal)
    (31 B.Cu signal)
    (32 B.Adhes user)
    (33 F.Adhes user)
    (34 B.Paste user)
    (35 F.Paste user)
    (36 B.SilkS user)
    (37 F.SilkS user)
    (38 B.Mask user)
    (39 F.Mask user)
    (40 Dwgs.User user)
    (41 Cmts.User user)
    (42 Eco1.User user)
    (43 Eco2.User user)
    (44 Edge.Cuts user)
    (45 Margin user)
    (46 B.CrtYd user)
    (47 F.CrtYd user)
    (48 B.Fab user)
    (49 F.Fab user)
  )

  (setup
    (last_trace_width 0.5)
    (user_trace_width 0.5)
    (user_trace_width 1)
    (trace_clearance 0.2)
    (zone_clearance 0.4)
    (zone_45_only no)
    (trace_min 0.2)
    (segment_width 0.2)
    (edge_width 0.1)
    (via_size 0.8)
    (via_drill 0.4)
    (via_min_size 0.4)
    (via_min_drill 0.3)
    (uvia_size 0.3)
    (uvia_drill 0.1)
    (uvias_allowed no)
    (uvia_min_size 0.2)
    (uvia_min_drill 0.1)
    (pcb_text_width 0.3)
    (pcb_text_size 1.5 1.5)
    (mod_edge_width 0.15)
    (mod_text_size 1 1)
    (mod_text_width 0.15)
    (pad_size 1.5 1.5)
    (pad_drill 0.6)
    (pad_to_mask_clearance 0)
    (solder_mask_min_width 0.25)
    (aux_axis_origin 0 0)
    (visible_elements 7FFFFFFF)
    (pcbplotparams
      (layerselection 0x010fc_ffffffff)
      (usegerberextensions false)
      (usegerberattributes false)
      (usegerberadvancedattributes false)
      (creategerberjobfile false)
      (excludeedgelayer true)
      (linewidth 0.100000)
      (plotframeref false)
      (viasonmask false)
      (mode 1)
      (useauxorigin false)
      (hpglpennumber 1)
      (hpglpenspeed 20)
      (hpglpendiameter 15.000000)
      (psnegative false)
      (psa4output false)
      (plotreference true)
      (plotvalue true)
      (plotinvisibletext false)
      (padsonsilk false)
      (subtractmaskfromsilk false)
      (outputformat 1)
      (mirror false)
      (drillshape 1)
      (scaleselection 1)
      (outputdirectory ""))
  )

  (net 0 "")
  (net 1 GND)
  (net 2 +5V)
  (net 3 "Net-(D2-Pad2)")
  (net 4 +24V)
  (net 5 /24VGND)
  (net 6 /TempData)
  (net 7 /HeaterSignal)
  (net 8 /FanSignal)
  (net 9 "Net-(K1-Pad8)")
  (net 10 "Net-(K1-Pad7)")
  (net 11 "Net-(Q1-Pad2)")
  (net 12 "Net-(240VRelay1-Pad1)")
  (net 13 "Net-(Q2-Pad2)")
  (net 14 +3V3)
  (net 15 "Net-(Raspi1-Pad3)")
  (net 16 "Net-(Raspi1-Pad5)")
  (net 17 "Net-(Raspi1-Pad8)")
  (net 18 "Net-(Raspi1-Pad10)")
  (net 19 "Net-(Raspi1-Pad12)")
  (net 20 "Net-(Raspi1-Pad15)")
  (net 21 "Net-(Raspi1-Pad16)")
  (net 22 "Net-(Raspi1-Pad17)")
  (net 23 "Net-(Raspi1-Pad18)")
  (net 24 "Net-(Raspi1-Pad19)")
  (net 25 "Net-(Raspi1-Pad21)")
  (net 26 "Net-(Raspi1-Pad22)")
  (net 27 "Net-(Raspi1-Pad23)")
  (net 28 "Net-(Raspi1-Pad24)")
  (net 29 "Net-(Raspi1-Pad26)")

  (net_class Default "Dies ist die voreingestellte Netzklasse."
    (clearance 0.2)
    (trace_width 0.25)
    (via_dia 0.8)
    (via_drill 0.4)
    (uvia_dia 0.3)
    (uvia_drill 0.1)
    (add_net +24V)
    (add_net +3V3)
    (add_net +5V)
    (add_net /24VGND)
    (add_net /FanSignal)
    (add_net /HeaterSignal)
    (add_net /TempData)
    (add_net GND)
    (add_net "Net-(240VRelay1-Pad1)")
    (add_net "Net-(D2-Pad2)")
    (add_net "Net-(K1-Pad7)")
    (add_net "Net-(K1-Pad8)")
    (add_net "Net-(Q1-Pad2)")
    (add_net "Net-(Q2-Pad2)")
    (add_net "Net-(Raspi1-Pad10)")
    (add_net "Net-(Raspi1-Pad12)")
    (add_net "Net-(Raspi1-Pad15)")
    (add_net "Net-(Raspi1-Pad16)")
    (add_net "Net-(Raspi1-Pad17)")
    (add_net "Net-(Raspi1-Pad18)")
    (add_net "Net-(Raspi1-Pad19)")
    (add_net "Net-(Raspi1-Pad21)")
    (add_net "Net-(Raspi1-Pad22)")
    (add_net "Net-(Raspi1-Pad23)")
    (add_net "Net-(Raspi1-Pad24)")
    (add_net "Net-(Raspi1-Pad26)")
    (add_net "Net-(Raspi1-Pad3)")
    (add_net "Net-(Raspi1-Pad5)")
    (add_net "Net-(Raspi1-Pad8)")
  )

  (module Connector_PinHeader_2.54mm:PinHeader_1x03_P2.54mm_Vertical (layer F.Cu) (tedit 5FE5328C) (tstamp 5FF9B416)
    (at 250.952 37.846)
    (descr "Through hole straight pin header, 1x03, 2.54mm pitch, single row")
    (tags "Through hole pin header THT 1x03 2.54mm single row")
    (path /5FE243A4)
    (fp_text reference Heater (at 0.762 -2.33) (layer F.SilkS)
      (effects (font (size 1 1) (thickness 0.15)))
    )
    (fp_text value 240VRelais (at 0 7.41) (layer F.Fab)
      (effects (font (size 1 1) (thickness 0.15)))
    )
    (fp_text user %R (at 0 2.54 90) (layer F.Fab)
      (effects (font (size 1 1) (thickness 0.15)))
    )
    (fp_line (start 1.8 -1.8) (end -1.8 -1.8) (layer F.CrtYd) (width 0.05))
    (fp_line (start 1.8 6.85) (end 1.8 -1.8) (layer F.CrtYd) (width 0.05))
    (fp_line (start -1.8 6.85) (end 1.8 6.85) (layer F.CrtYd) (width 0.05))
    (fp_line (start -1.8 -1.8) (end -1.8 6.85) (layer F.CrtYd) (width 0.05))
    (fp_line (start -1.33 -1.33) (end 0 -1.33) (layer F.SilkS) (width 0.12))
    (fp_line (start -1.33 0) (end -1.33 -1.33) (layer F.SilkS) (width 0.12))
    (fp_line (start -1.33 1.27) (end 1.33 1.27) (layer F.SilkS) (width 0.12))
    (fp_line (start 1.33 1.27) (end 1.33 6.41) (layer F.SilkS) (width 0.12))
    (fp_line (start -1.33 1.27) (end -1.33 6.41) (layer F.SilkS) (width 0.12))
    (fp_line (start -1.33 6.41) (end 1.33 6.41) (layer F.SilkS) (width 0.12))
    (fp_line (start -1.27 -0.635) (end -0.635 -1.27) (layer F.Fab) (width 0.1))
    (fp_line (start -1.27 6.35) (end -1.27 -0.635) (layer F.Fab) (width 0.1))
    (fp_line (start 1.27 6.35) (end -1.27 6.35) (layer F.Fab) (width 0.1))
    (fp_line (start 1.27 -1.27) (end 1.27 6.35) (layer F.Fab) (width 0.1))
    (fp_line (start -0.635 -1.27) (end 1.27 -1.27) (layer F.Fab) (width 0.1))
    (pad 3 thru_hole oval (at 0 5.08) (size 1.7 1.7) (drill 1) (layers *.Cu *.Mask)
      (net 2 +5V))
    (pad 2 thru_hole oval (at 0 2.54) (size 1.7 1.7) (drill 1) (layers *.Cu *.Mask)
      (net 1 GND))
    (pad 1 thru_hole rect (at 0 0) (size 1.7 1.7) (drill 1) (layers *.Cu *.Mask)
      (net 12 "Net-(240VRelay1-Pad1)"))
    (model ${KISYS3DMOD}/Connector_PinHeader_2.54mm.3dshapes/PinHeader_1x03_P2.54mm_Vertical.wrl
      (at (xyz 0 0 0))
      (scale (xyz 1 1 1))
      (rotate (xyz 0 0 0))
    )
  )

  (module Connector_PinHeader_2.54mm:PinHeader_1x02_P2.54mm_Vertical (layer F.Cu) (tedit 5FE49F9F) (tstamp 5FF9B42C)
    (at 250.952 57.15)
    (descr "Through hole straight pin header, 1x02, 2.54mm pitch, single row")
    (tags "Through hole pin header THT 1x02 2.54mm single row")
    (path /5FE0D1CC)
    (fp_text reference 24V (at 0 -2.33) (layer F.SilkS)
      (effects (font (size 1 1) (thickness 0.15)))
    )
    (fp_text value 24VPins (at 0 4.87) (layer F.Fab)
      (effects (font (size 1 1) (thickness 0.15)))
    )
    (fp_line (start -0.635 -1.27) (end 1.27 -1.27) (layer F.Fab) (width 0.1))
    (fp_line (start 1.27 -1.27) (end 1.27 3.81) (layer F.Fab) (width 0.1))
    (fp_line (start 1.27 3.81) (end -1.27 3.81) (layer F.Fab) (width 0.1))
    (fp_line (start -1.27 3.81) (end -1.27 -0.635) (layer F.Fab) (width 0.1))
    (fp_line (start -1.27 -0.635) (end -0.635 -1.27) (layer F.Fab) (width 0.1))
    (fp_line (start -1.33 3.87) (end 1.33 3.87) (layer F.SilkS) (width 0.12))
    (fp_line (start -1.33 1.27) (end -1.33 3.87) (layer F.SilkS) (width 0.12))
    (fp_line (start 1.33 1.27) (end 1.33 3.87) (layer F.SilkS) (width 0.12))
    (fp_line (start -1.33 1.27) (end 1.33 1.27) (layer F.SilkS) (width 0.12))
    (fp_line (start -1.33 0) (end -1.33 -1.33) (layer F.SilkS) (width 0.12))
    (fp_line (start -1.33 -1.33) (end 0 -1.33) (layer F.SilkS) (width 0.12))
    (fp_line (start -1.8 -1.8) (end -1.8 4.35) (layer F.CrtYd) (width 0.05))
    (fp_line (start -1.8 4.35) (end 1.8 4.35) (layer F.CrtYd) (width 0.05))
    (fp_line (start 1.8 4.35) (end 1.8 -1.8) (layer F.CrtYd) (width 0.05))
    (fp_line (start 1.8 -1.8) (end -1.8 -1.8) (layer F.CrtYd) (width 0.05))
    (fp_text user %R (at 0 1.27 90) (layer F.Fab)
      (effects (font (size 1 1) (thickness 0.15)))
    )
    (pad 1 thru_hole rect (at 0 0) (size 1.7 1.7) (drill 1) (layers *.Cu *.Mask)
      (net 4 +24V))
    (pad 2 thru_hole oval (at 0 2.54) (size 1.7 1.7) (drill 1) (layers *.Cu *.Mask)
      (net 5 /24VGND))
    (model ${KISYS3DMOD}/Connector_PinHeader_2.54mm.3dshapes/PinHeader_1x02_P2.54mm_Vertical.wrl
      (at (xyz 0 0 0))
      (scale (xyz 1 1 1))
      (rotate (xyz 0 0 0))
    )
  )

  (module Customs:DO-213AB (layer F.Cu) (tedit 58AA841A) (tstamp 5FF9B4E9)
    (at 277.622 55.7657 90)
    (path /5FE0CEFC)
    (fp_text reference D1 (at -2.025219 -2.401276 90) (layer F.SilkS)
      (effects (font (size 1 1) (thickness 0.15)))
    )
    (fp_text value 1N4001 (at -1.139391 4.350724 90) (layer F.Fab)
      (effects (font (size 1 1) (thickness 0.15)))
    )
    (fp_line (start -2.5 1.3) (end -2.5 -1.3) (layer F.Fab) (width 0.1))
    (fp_line (start -2.5 1.3) (end 2.5 1.3) (layer F.Fab) (width 0.1))
    (fp_line (start 2.5 1.3) (end 2.5 -1.3) (layer F.Fab) (width 0.1))
    (fp_line (start -2.5 -1.3) (end 2.5 -1.3) (layer F.Fab) (width 0.1))
    (fp_line (start -3.4 0.5) (end -3.4 -0.5) (layer F.Fab) (width 0.2032))
    (fp_line (start 3.8503 0.5) (end 3.8503 -0.5) (layer F.Fab) (width 0.2032))
    (fp_line (start 3.3503 0) (end 4.3503 0) (layer F.Fab) (width 0.2032))
    (fp_line (start -1.4 1.725) (end -1.4 -1.7) (layer F.SilkS) (width 0.254))
    (fp_line (start -2.5 1.725) (end 2.5 1.725) (layer F.SilkS) (width 0.254))
    (fp_line (start -2.5 -1.725) (end 2.5 -1.725) (layer F.SilkS) (width 0.254))
    (fp_line (start -3.45 -1.775) (end 4.4003 -1.775) (layer F.CrtYd) (width 0.05))
    (fp_line (start 4.4003 -1.775) (end 4.4003 1.775) (layer F.CrtYd) (width 0.05))
    (fp_line (start 4.4003 1.775) (end -3.45 1.775) (layer F.CrtYd) (width 0.05))
    (fp_line (start -3.45 1.775) (end -3.45 -1.775) (layer F.CrtYd) (width 0.05))
    (pad 1 smd rect (at 2.4003 0 90) (size 1.3 2.8) (layers F.Cu F.Paste F.Mask)
      (net 2 +5V))
    (pad 2 smd rect (at -2.4003 0 90) (size 1.3 2.8) (layers F.Cu F.Paste F.Mask)
      (net 1 GND))
  )

  (module Customs:DO-213AB (layer F.Cu) (tedit 58AA841A) (tstamp 5FF9B4FD)
    (at 256.794 50.9397 270)
    (path /5FE0CF54)
    (fp_text reference D2 (at -2.025219 -2.401276 270) (layer F.SilkS)
      (effects (font (size 1 1) (thickness 0.15)))
    )
    (fp_text value 1N4001 (at -1.139391 4.350724 270) (layer F.Fab)
      (effects (font (size 1 1) (thickness 0.15)))
    )
    (fp_line (start -3.45 1.775) (end -3.45 -1.775) (layer F.CrtYd) (width 0.05))
    (fp_line (start 4.4003 1.775) (end -3.45 1.775) (layer F.CrtYd) (width 0.05))
    (fp_line (start 4.4003 -1.775) (end 4.4003 1.775) (layer F.CrtYd) (width 0.05))
    (fp_line (start -3.45 -1.775) (end 4.4003 -1.775) (layer F.CrtYd) (width 0.05))
    (fp_line (start -2.5 -1.725) (end 2.5 -1.725) (layer F.SilkS) (width 0.254))
    (fp_line (start -2.5 1.725) (end 2.5 1.725) (layer F.SilkS) (width 0.254))
    (fp_line (start -1.4 1.725) (end -1.4 -1.7) (layer F.SilkS) (width 0.254))
    (fp_line (start 3.3503 0) (end 4.3503 0) (layer F.Fab) (width 0.2032))
    (fp_line (start 3.8503 0.5) (end 3.8503 -0.5) (layer F.Fab) (width 0.2032))
    (fp_line (start -3.4 0.5) (end -3.4 -0.5) (layer F.Fab) (width 0.2032))
    (fp_line (start -2.5 -1.3) (end 2.5 -1.3) (layer F.Fab) (width 0.1))
    (fp_line (start 2.5 1.3) (end 2.5 -1.3) (layer F.Fab) (width 0.1))
    (fp_line (start -2.5 1.3) (end 2.5 1.3) (layer F.Fab) (width 0.1))
    (fp_line (start -2.5 1.3) (end -2.5 -1.3) (layer F.Fab) (width 0.1))
    (pad 2 smd rect (at -2.4003 0 270) (size 1.3 2.8) (layers F.Cu F.Paste F.Mask)
      (net 3 "Net-(D2-Pad2)"))
    (pad 1 smd rect (at 2.4003 0 270) (size 1.3 2.8) (layers F.Cu F.Paste F.Mask)
      (net 4 +24V))
  )

  (module Connector_PinHeader_2.54mm:PinHeader_1x02_P2.54mm_Vertical (layer F.Cu) (tedit 5FE49F96) (tstamp 5FF9B513)
    (at 250.952 52.324 180)
    (descr "Through hole straight pin header, 1x02, 2.54mm pitch, single row")
    (tags "Through hole pin header THT 1x02 2.54mm single row")
    (path /5FE0CCC8)
    (fp_text reference Fan (at 0 4.826 180) (layer F.SilkS)
      (effects (font (size 1 1) (thickness 0.15)))
    )
    (fp_text value Fan (at 0 4.87 180) (layer F.Fab)
      (effects (font (size 1 1) (thickness 0.15)))
    )
    (fp_text user %R (at 0 1.27 270) (layer F.Fab)
      (effects (font (size 1 1) (thickness 0.15)))
    )
    (fp_line (start 1.8 -1.8) (end -1.8 -1.8) (layer F.CrtYd) (width 0.05))
    (fp_line (start 1.8 4.35) (end 1.8 -1.8) (layer F.CrtYd) (width 0.05))
    (fp_line (start -1.8 4.35) (end 1.8 4.35) (layer F.CrtYd) (width 0.05))
    (fp_line (start -1.8 -1.8) (end -1.8 4.35) (layer F.CrtYd) (width 0.05))
    (fp_line (start -1.33 -1.33) (end 0 -1.33) (layer F.SilkS) (width 0.12))
    (fp_line (start -1.33 0) (end -1.33 -1.33) (layer F.SilkS) (width 0.12))
    (fp_line (start -1.33 1.27) (end 1.33 1.27) (layer F.SilkS) (width 0.12))
    (fp_line (start 1.33 1.27) (end 1.33 3.87) (layer F.SilkS) (width 0.12))
    (fp_line (start -1.33 1.27) (end -1.33 3.87) (layer F.SilkS) (width 0.12))
    (fp_line (start -1.33 3.87) (end 1.33 3.87) (layer F.SilkS) (width 0.12))
    (fp_line (start -1.27 -0.635) (end -0.635 -1.27) (layer F.Fab) (width 0.1))
    (fp_line (start -1.27 3.81) (end -1.27 -0.635) (layer F.Fab) (width 0.1))
    (fp_line (start 1.27 3.81) (end -1.27 3.81) (layer F.Fab) (width 0.1))
    (fp_line (start 1.27 -1.27) (end 1.27 3.81) (layer F.Fab) (width 0.1))
    (fp_line (start -0.635 -1.27) (end 1.27 -1.27) (layer F.Fab) (width 0.1))
    (pad 2 thru_hole oval (at 0 2.54 180) (size 1.7 1.7) (drill 1) (layers *.Cu *.Mask)
      (net 3 "Net-(D2-Pad2)"))
    (pad 1 thru_hole rect (at 0 0 180) (size 1.7 1.7) (drill 1) (layers *.Cu *.Mask)
      (net 4 +24V))
    (model ${KISYS3DMOD}/Connector_PinHeader_2.54mm.3dshapes/PinHeader_1x02_P2.54mm_Vertical.wrl
      (at (xyz 0 0 0))
      (scale (xyz 1 1 1))
      (rotate (xyz 0 0 0))
    )
  )

  (module Relay_THT:Relay_SPDT_HJR-4102 (layer F.Cu) (tedit 58FA2D90) (tstamp 5FF9B533)
    (at 270.51 58.42 180)
    (descr "IM Signal Relay SPDT HJR-4102")
    (tags "Relay SPDT IM-relay HJR-4102")
    (path /5FE0D01C)
    (fp_text reference K1 (at 1.27 -1.778 180) (layer F.SilkS)
      (effects (font (size 1 1) (thickness 0.15)))
    )
    (fp_text value TIANBO-HJR-4102-L (at 4.064 14.732 180) (layer F.Fab)
      (effects (font (size 1 1) (thickness 0.15)))
    )
    (fp_text user %R (at 3.81 6.35 180) (layer F.Fab)
      (effects (font (size 1 1) (thickness 0.15)))
    )
    (fp_line (start 8.89 -1.016) (end 8.89 13.716) (layer F.SilkS) (width 0.12))
    (fp_line (start 8.89 13.716) (end -1.27 13.716) (layer F.SilkS) (width 0.12))
    (fp_line (start -1.27 13.716) (end -1.27 -1.016) (layer F.SilkS) (width 0.12))
    (fp_line (start -1.5 -1.25) (end 9.15 -1.25) (layer F.CrtYd) (width 0.05))
    (fp_line (start 9.15 -1.25) (end 9.15 13.85) (layer F.CrtYd) (width 0.05))
    (fp_line (start 9.15 13.95) (end -1.5 13.95) (layer F.CrtYd) (width 0.05))
    (fp_line (start -1.5 13.85) (end -1.5 -1.25) (layer F.CrtYd) (width 0.05))
    (fp_line (start -1.27 -1.016) (end 8.89 -1.016) (layer F.SilkS) (width 0.12))
    (fp_line (start -1.016 -0.762) (end 8.636 -0.762) (layer F.Fab) (width 0.1))
    (fp_line (start 8.636 -0.762) (end 8.636 13.462) (layer F.Fab) (width 0.1))
    (fp_line (start 8.636 13.462) (end -1.016 13.462) (layer F.Fab) (width 0.1))
    (fp_line (start -1.016 13.462) (end -1.016 -0.762) (layer F.Fab) (width 0.1))
    (fp_line (start 4.216 10.16) (end 3.581 11.176) (layer F.SilkS) (width 0.12))
    (fp_line (start 2.032 10.033) (end 2.032 10.668) (layer F.SilkS) (width 0.12))
    (fp_line (start 2.032 10.668) (end 2.692 10.668) (layer F.SilkS) (width 0.12))
    (fp_line (start 5.232 10.033) (end 5.232 10.668) (layer F.SilkS) (width 0.12))
    (fp_line (start 5.232 10.668) (end 4.597 10.668) (layer F.SilkS) (width 0.12))
    (fp_line (start 4.597 10.16) (end 2.692 10.16) (layer F.SilkS) (width 0.12))
    (fp_line (start 2.692 10.16) (end 2.692 11.176) (layer F.SilkS) (width 0.12))
    (fp_line (start 2.692 11.176) (end 4.597 11.176) (layer F.SilkS) (width 0.12))
    (fp_line (start 4.597 10.16) (end 4.597 11.176) (layer F.SilkS) (width 0.12))
    (pad 12 thru_hole oval (at 7.62 0 180) (size 2.3 1.6) (drill 1) (layers *.Cu *.Mask)
      (net 5 /24VGND))
    (pad 8 thru_hole oval (at 7.62 10.16 180) (size 2.3 1.6) (drill 1) (layers *.Cu *.Mask)
      (net 9 "Net-(K1-Pad8)"))
    (pad 1 thru_hole oval (at 0 0 180) (size 2.3 1.6) (drill 1) (layers *.Cu *.Mask))
    (pad 5 thru_hole oval (at 0 10.16 180) (size 2.3 1.6) (drill 1) (layers *.Cu *.Mask)
      (net 2 +5V))
    (pad 7 thru_hole oval (at 7.62 12.7 180) (size 2.3 1.6) (drill 1) (layers *.Cu *.Mask)
      (net 10 "Net-(K1-Pad7)"))
    (pad 6 thru_hole oval (at 0 12.7 180) (size 2.3 1.6) (drill 1) (layers *.Cu *.Mask)
      (net 3 "Net-(D2-Pad2)"))
    (model ${KISYS3DMOD}/Relay_THT.3dshapes/Relay_SPDT_HJR-4102.wrl
      (at (xyz 0 0 0))
      (scale (xyz 1 1 1))
      (rotate (xyz 0 0 0))
    )
  )

  (module Package_TO_SOT_THT:TO-92_Inline (layer F.Cu) (tedit 5A1DD157) (tstamp 5FF9B545)
    (at 268.478 40.132 180)
    (descr "TO-92 leads in-line, narrow, oval pads, drill 0.75mm (see NXP sot054_po.pdf)")
    (tags "to-92 sc-43 sc-43a sot54 PA33 transistor")
    (path /5FE0CB10)
    (fp_text reference Q1 (at 1.27 -3.56 180) (layer F.SilkS)
      (effects (font (size 1 1) (thickness 0.15)))
    )
    (fp_text value 2N2219 (at 1.27 2.79 180) (layer F.Fab)
      (effects (font (size 1 1) (thickness 0.15)))
    )
    (fp_arc (start 1.27 0) (end 1.27 -2.6) (angle 135) (layer F.SilkS) (width 0.12))
    (fp_arc (start 1.27 0) (end 1.27 -2.48) (angle -135) (layer F.Fab) (width 0.1))
    (fp_arc (start 1.27 0) (end 1.27 -2.6) (angle -135) (layer F.SilkS) (width 0.12))
    (fp_arc (start 1.27 0) (end 1.27 -2.48) (angle 135) (layer F.Fab) (width 0.1))
    (fp_line (start 4 2.01) (end -1.46 2.01) (layer F.CrtYd) (width 0.05))
    (fp_line (start 4 2.01) (end 4 -2.73) (layer F.CrtYd) (width 0.05))
    (fp_line (start -1.46 -2.73) (end -1.46 2.01) (layer F.CrtYd) (width 0.05))
    (fp_line (start -1.46 -2.73) (end 4 -2.73) (layer F.CrtYd) (width 0.05))
    (fp_line (start -0.5 1.75) (end 3 1.75) (layer F.Fab) (width 0.1))
    (fp_line (start -0.53 1.85) (end 3.07 1.85) (layer F.SilkS) (width 0.12))
    (fp_text user %R (at 1.27 -3.56 180) (layer F.Fab)
      (effects (font (size 1 1) (thickness 0.15)))
    )
    (pad 1 thru_hole rect (at 0 0 180) (size 1.05 1.5) (drill 0.75) (layers *.Cu *.Mask)
      (net 1 GND))
    (pad 3 thru_hole oval (at 2.54 0 180) (size 1.05 1.5) (drill 0.75) (layers *.Cu *.Mask)
      (net 9 "Net-(K1-Pad8)"))
    (pad 2 thru_hole oval (at 1.27 0 180) (size 1.05 1.5) (drill 0.75) (layers *.Cu *.Mask)
      (net 11 "Net-(Q1-Pad2)"))
    (model ${KISYS3DMOD}/Package_TO_SOT_THT.3dshapes/TO-92_Inline.wrl
      (at (xyz 0 0 0))
      (scale (xyz 1 1 1))
      (rotate (xyz 0 0 0))
    )
  )

  (module Package_TO_SOT_THT:TO-92_Inline (layer F.Cu) (tedit 5A1DD157) (tstamp 5FF9B557)
    (at 258.826 40.132 180)
    (descr "TO-92 leads in-line, narrow, oval pads, drill 0.75mm (see NXP sot054_po.pdf)")
    (tags "to-92 sc-43 sc-43a sot54 PA33 transistor")
    (path /5FE4CD48)
    (fp_text reference Q2 (at 1.27 -3.56 180) (layer F.SilkS)
      (effects (font (size 1 1) (thickness 0.15)))
    )
    (fp_text value 2N2219 (at 1.27 2.79 180) (layer F.Fab)
      (effects (font (size 1 1) (thickness 0.15)))
    )
    (fp_text user %R (at 1.27 -3.56 180) (layer F.Fab)
      (effects (font (size 1 1) (thickness 0.15)))
    )
    (fp_line (start -0.53 1.85) (end 3.07 1.85) (layer F.SilkS) (width 0.12))
    (fp_line (start -0.5 1.75) (end 3 1.75) (layer F.Fab) (width 0.1))
    (fp_line (start -1.46 -2.73) (end 4 -2.73) (layer F.CrtYd) (width 0.05))
    (fp_line (start -1.46 -2.73) (end -1.46 2.01) (layer F.CrtYd) (width 0.05))
    (fp_line (start 4 2.01) (end 4 -2.73) (layer F.CrtYd) (width 0.05))
    (fp_line (start 4 2.01) (end -1.46 2.01) (layer F.CrtYd) (width 0.05))
    (fp_arc (start 1.27 0) (end 1.27 -2.48) (angle 135) (layer F.Fab) (width 0.1))
    (fp_arc (start 1.27 0) (end 1.27 -2.6) (angle -135) (layer F.SilkS) (width 0.12))
    (fp_arc (start 1.27 0) (end 1.27 -2.48) (angle -135) (layer F.Fab) (width 0.1))
    (fp_arc (start 1.27 0) (end 1.27 -2.6) (angle 135) (layer F.SilkS) (width 0.12))
    (pad 2 thru_hole oval (at 1.27 0 180) (size 1.05 1.5) (drill 0.75) (layers *.Cu *.Mask)
      (net 13 "Net-(Q2-Pad2)"))
    (pad 3 thru_hole oval (at 2.54 0 180) (size 1.05 1.5) (drill 0.75) (layers *.Cu *.Mask)
      (net 12 "Net-(240VRelay1-Pad1)"))
    (pad 1 thru_hole rect (at 0 0 180) (size 1.05 1.5) (drill 0.75) (layers *.Cu *.Mask)
      (net 1 GND))
    (model ${KISYS3DMOD}/Package_TO_SOT_THT.3dshapes/TO-92_Inline.wrl
      (at (xyz 0 0 0))
      (scale (xyz 1 1 1))
      (rotate (xyz 0 0 0))
    )
  )

  (module Resistor_SMD:R_0805_2012Metric_Pad1.15x1.40mm_HandSolder (layer F.Cu) (tedit 5B36C52B) (tstamp 5FF9B568)
    (at 261.121 35.814)
    (descr "Resistor SMD 0805 (2012 Metric), square (rectangular) end terminal, IPC_7351 nominal with elongated pad for handsoldering. (Body size source: https://docs.google.com/spreadsheets/d/1BsfQQcO9C6DZCsRaXUlFlo91Tg2WpOkGARC1WS5S8t0/edit?usp=sharing), generated with kicad-footprint-generator")
    (tags "resistor handsolder")
    (path /5FE2DB64)
    (attr smd)
    (fp_text reference R1 (at 0 -1.65) (layer F.SilkS)
      (effects (font (size 1 1) (thickness 0.15)))
    )
    (fp_text value 470 (at 0 1.65) (layer F.Fab)
      (effects (font (size 1 1) (thickness 0.15)))
    )
    (fp_text user %R (at 0 0) (layer F.Fab)
      (effects (font (size 0.5 0.5) (thickness 0.08)))
    )
    (fp_line (start 1.85 0.95) (end -1.85 0.95) (layer F.CrtYd) (width 0.05))
    (fp_line (start 1.85 -0.95) (end 1.85 0.95) (layer F.CrtYd) (width 0.05))
    (fp_line (start -1.85 -0.95) (end 1.85 -0.95) (layer F.CrtYd) (width 0.05))
    (fp_line (start -1.85 0.95) (end -1.85 -0.95) (layer F.CrtYd) (width 0.05))
    (fp_line (start -0.261252 0.71) (end 0.261252 0.71) (layer F.SilkS) (width 0.12))
    (fp_line (start -0.261252 -0.71) (end 0.261252 -0.71) (layer F.SilkS) (width 0.12))
    (fp_line (start 1 0.6) (end -1 0.6) (layer F.Fab) (width 0.1))
    (fp_line (start 1 -0.6) (end 1 0.6) (layer F.Fab) (width 0.1))
    (fp_line (start -1 -0.6) (end 1 -0.6) (layer F.Fab) (width 0.1))
    (fp_line (start -1 0.6) (end -1 -0.6) (layer F.Fab) (width 0.1))
    (pad 2 smd roundrect (at 1.025 0) (size 1.15 1.4) (layers F.Cu F.Paste F.Mask) (roundrect_rratio 0.217391)
      (net 7 /HeaterSignal))
    (pad 1 smd roundrect (at -1.025 0) (size 1.15 1.4) (layers F.Cu F.Paste F.Mask) (roundrect_rratio 0.217391)
      (net 13 "Net-(Q2-Pad2)"))
    (model ${KISYS3DMOD}/Resistor_SMD.3dshapes/R_0805_2012Metric.wrl
      (at (xyz 0 0 0))
      (scale (xyz 1 1 1))
      (rotate (xyz 0 0 0))
    )
  )

  (module Resistor_SMD:R_0805_2012Metric_Pad1.15x1.40mm_HandSolder (layer F.Cu) (tedit 5B36C52B) (tstamp 5FF9B579)
    (at 274.32 21.082 90)
    (descr "Resistor SMD 0805 (2012 Metric), square (rectangular) end terminal, IPC_7351 nominal with elongated pad for handsoldering. (Body size source: https://docs.google.com/spreadsheets/d/1BsfQQcO9C6DZCsRaXUlFlo91Tg2WpOkGARC1WS5S8t0/edit?usp=sharing), generated with kicad-footprint-generator")
    (tags "resistor handsolder")
    (path /5FE27F1C)
    (attr smd)
    (fp_text reference R2 (at 0 -1.65 90) (layer F.SilkS)
      (effects (font (size 1 1) (thickness 0.15)))
    )
    (fp_text value 4.7K (at 0 1.65 90) (layer F.Fab)
      (effects (font (size 1 1) (thickness 0.15)))
    )
    (fp_line (start -1 0.6) (end -1 -0.6) (layer F.Fab) (width 0.1))
    (fp_line (start -1 -0.6) (end 1 -0.6) (layer F.Fab) (width 0.1))
    (fp_line (start 1 -0.6) (end 1 0.6) (layer F.Fab) (width 0.1))
    (fp_line (start 1 0.6) (end -1 0.6) (layer F.Fab) (width 0.1))
    (fp_line (start -0.261252 -0.71) (end 0.261252 -0.71) (layer F.SilkS) (width 0.12))
    (fp_line (start -0.261252 0.71) (end 0.261252 0.71) (layer F.SilkS) (width 0.12))
    (fp_line (start -1.85 0.95) (end -1.85 -0.95) (layer F.CrtYd) (width 0.05))
    (fp_line (start -1.85 -0.95) (end 1.85 -0.95) (layer F.CrtYd) (width 0.05))
    (fp_line (start 1.85 -0.95) (end 1.85 0.95) (layer F.CrtYd) (width 0.05))
    (fp_line (start 1.85 0.95) (end -1.85 0.95) (layer F.CrtYd) (width 0.05))
    (fp_text user %R (at 0 0 90) (layer F.Fab)
      (effects (font (size 0.5 0.5) (thickness 0.08)))
    )
    (pad 1 smd roundrect (at -1.025 0 90) (size 1.15 1.4) (layers F.Cu F.Paste F.Mask) (roundrect_rratio 0.217391)
      (net 6 /TempData))
    (pad 2 smd roundrect (at 1.025 0 90) (size 1.15 1.4) (layers F.Cu F.Paste F.Mask) (roundrect_rratio 0.217391)
      (net 14 +3V3))
    (model ${KISYS3DMOD}/Resistor_SMD.3dshapes/R_0805_2012Metric.wrl
      (at (xyz 0 0 0))
      (scale (xyz 1 1 1))
      (rotate (xyz 0 0 0))
    )
  )

  (module Resistor_SMD:R_0805_2012Metric_Pad1.15x1.40mm_HandSolder (layer F.Cu) (tedit 5B36C52B) (tstamp 5FF9B58A)
    (at 257.556 34.798 270)
    (descr "Resistor SMD 0805 (2012 Metric), square (rectangular) end terminal, IPC_7351 nominal with elongated pad for handsoldering. (Body size source: https://docs.google.com/spreadsheets/d/1BsfQQcO9C6DZCsRaXUlFlo91Tg2WpOkGARC1WS5S8t0/edit?usp=sharing), generated with kicad-footprint-generator")
    (tags "resistor handsolder")
    (path /5FE2DBEA)
    (attr smd)
    (fp_text reference R3 (at 0 -1.65 270) (layer F.SilkS)
      (effects (font (size 1 1) (thickness 0.15)))
    )
    (fp_text value 4.7K (at 0 1.65 270) (layer F.Fab)
      (effects (font (size 1 1) (thickness 0.15)))
    )
    (fp_line (start -1 0.6) (end -1 -0.6) (layer F.Fab) (width 0.1))
    (fp_line (start -1 -0.6) (end 1 -0.6) (layer F.Fab) (width 0.1))
    (fp_line (start 1 -0.6) (end 1 0.6) (layer F.Fab) (width 0.1))
    (fp_line (start 1 0.6) (end -1 0.6) (layer F.Fab) (width 0.1))
    (fp_line (start -0.261252 -0.71) (end 0.261252 -0.71) (layer F.SilkS) (width 0.12))
    (fp_line (start -0.261252 0.71) (end 0.261252 0.71) (layer F.SilkS) (width 0.12))
    (fp_line (start -1.85 0.95) (end -1.85 -0.95) (layer F.CrtYd) (width 0.05))
    (fp_line (start -1.85 -0.95) (end 1.85 -0.95) (layer F.CrtYd) (width 0.05))
    (fp_line (start 1.85 -0.95) (end 1.85 0.95) (layer F.CrtYd) (width 0.05))
    (fp_line (start 1.85 0.95) (end -1.85 0.95) (layer F.CrtYd) (width 0.05))
    (fp_text user %R (at 0 0 270) (layer F.Fab)
      (effects (font (size 0.5 0.5) (thickness 0.08)))
    )
    (pad 1 smd roundrect (at -1.025 0 270) (size 1.15 1.4) (layers F.Cu F.Paste F.Mask) (roundrect_rratio 0.217391)
      (net 1 GND))
    (pad 2 smd roundrect (at 1.025 0 270) (size 1.15 1.4) (layers F.Cu F.Paste F.Mask) (roundrect_rratio 0.217391)
      (net 13 "Net-(Q2-Pad2)"))
    (model ${KISYS3DMOD}/Resistor_SMD.3dshapes/R_0805_2012Metric.wrl
      (at (xyz 0 0 0))
      (scale (xyz 1 1 1))
      (rotate (xyz 0 0 0))
    )
  )

  (module Resistor_SMD:R_0805_2012Metric_Pad1.15x1.40mm_HandSolder (layer F.Cu) (tedit 5B36C52B) (tstamp 5FF9B59B)
    (at 270.773 35.814)
    (descr "Resistor SMD 0805 (2012 Metric), square (rectangular) end terminal, IPC_7351 nominal with elongated pad for handsoldering. (Body size source: https://docs.google.com/spreadsheets/d/1BsfQQcO9C6DZCsRaXUlFlo91Tg2WpOkGARC1WS5S8t0/edit?usp=sharing), generated with kicad-footprint-generator")
    (tags "resistor handsolder")
    (path /5FE13B30)
    (attr smd)
    (fp_text reference R4 (at 0 -1.65) (layer F.SilkS)
      (effects (font (size 1 1) (thickness 0.15)))
    )
    (fp_text value 470 (at 0 1.65) (layer F.Fab)
      (effects (font (size 1 1) (thickness 0.15)))
    )
    (fp_line (start -1 0.6) (end -1 -0.6) (layer F.Fab) (width 0.1))
    (fp_line (start -1 -0.6) (end 1 -0.6) (layer F.Fab) (width 0.1))
    (fp_line (start 1 -0.6) (end 1 0.6) (layer F.Fab) (width 0.1))
    (fp_line (start 1 0.6) (end -1 0.6) (layer F.Fab) (width 0.1))
    (fp_line (start -0.261252 -0.71) (end 0.261252 -0.71) (layer F.SilkS) (width 0.12))
    (fp_line (start -0.261252 0.71) (end 0.261252 0.71) (layer F.SilkS) (width 0.12))
    (fp_line (start -1.85 0.95) (end -1.85 -0.95) (layer F.CrtYd) (width 0.05))
    (fp_line (start -1.85 -0.95) (end 1.85 -0.95) (layer F.CrtYd) (width 0.05))
    (fp_line (start 1.85 -0.95) (end 1.85 0.95) (layer F.CrtYd) (width 0.05))
    (fp_line (start 1.85 0.95) (end -1.85 0.95) (layer F.CrtYd) (width 0.05))
    (fp_text user %R (at 0 0) (layer F.Fab)
      (effects (font (size 0.5 0.5) (thickness 0.08)))
    )
    (pad 1 smd roundrect (at -1.025 0) (size 1.15 1.4) (layers F.Cu F.Paste F.Mask) (roundrect_rratio 0.217391)
      (net 11 "Net-(Q1-Pad2)"))
    (pad 2 smd roundrect (at 1.025 0) (size 1.15 1.4) (layers F.Cu F.Paste F.Mask) (roundrect_rratio 0.217391)
      (net 8 /FanSignal))
    (model ${KISYS3DMOD}/Resistor_SMD.3dshapes/R_0805_2012Metric.wrl
      (at (xyz 0 0 0))
      (scale (xyz 1 1 1))
      (rotate (xyz 0 0 0))
    )
  )

  (module Resistor_SMD:R_0805_2012Metric_Pad1.15x1.40mm_HandSolder (layer F.Cu) (tedit 5B36C52B) (tstamp 5FF9B5AC)
    (at 267.208 34.798 270)
    (descr "Resistor SMD 0805 (2012 Metric), square (rectangular) end terminal, IPC_7351 nominal with elongated pad for handsoldering. (Body size source: https://docs.google.com/spreadsheets/d/1BsfQQcO9C6DZCsRaXUlFlo91Tg2WpOkGARC1WS5S8t0/edit?usp=sharing), generated with kicad-footprint-generator")
    (tags "resistor handsolder")
    (path /5FE13CBC)
    (attr smd)
    (fp_text reference R5 (at 0 -1.65 270) (layer F.SilkS)
      (effects (font (size 1 1) (thickness 0.15)))
    )
    (fp_text value 4,7K (at 0 1.65 270) (layer F.Fab)
      (effects (font (size 1 1) (thickness 0.15)))
    )
    (fp_text user %R (at 0 0 270) (layer F.Fab)
      (effects (font (size 0.5 0.5) (thickness 0.08)))
    )
    (fp_line (start 1.85 0.95) (end -1.85 0.95) (layer F.CrtYd) (width 0.05))
    (fp_line (start 1.85 -0.95) (end 1.85 0.95) (layer F.CrtYd) (width 0.05))
    (fp_line (start -1.85 -0.95) (end 1.85 -0.95) (layer F.CrtYd) (width 0.05))
    (fp_line (start -1.85 0.95) (end -1.85 -0.95) (layer F.CrtYd) (width 0.05))
    (fp_line (start -0.261252 0.71) (end 0.261252 0.71) (layer F.SilkS) (width 0.12))
    (fp_line (start -0.261252 -0.71) (end 0.261252 -0.71) (layer F.SilkS) (width 0.12))
    (fp_line (start 1 0.6) (end -1 0.6) (layer F.Fab) (width 0.1))
    (fp_line (start 1 -0.6) (end 1 0.6) (layer F.Fab) (width 0.1))
    (fp_line (start -1 -0.6) (end 1 -0.6) (layer F.Fab) (width 0.1))
    (fp_line (start -1 0.6) (end -1 -0.6) (layer F.Fab) (width 0.1))
    (pad 2 smd roundrect (at 1.025 0 270) (size 1.15 1.4) (layers F.Cu F.Paste F.Mask) (roundrect_rratio 0.217391)
      (net 11 "Net-(Q1-Pad2)"))
    (pad 1 smd roundrect (at -1.025 0 270) (size 1.15 1.4) (layers F.Cu F.Paste F.Mask) (roundrect_rratio 0.217391)
      (net 1 GND))
    (model ${KISYS3DMOD}/Resistor_SMD.3dshapes/R_0805_2012Metric.wrl
      (at (xyz 0 0 0))
      (scale (xyz 1 1 1))
      (rotate (xyz 0 0 0))
    )
  )

  (module Customs:PinHeader_2x13_P2.54mm_Vertical_Mirrored (layer B.Cu) (tedit 5FE534AB) (tstamp 5FF9B5DC)
    (at 280.67 21.59 180)
    (descr "Through hole straight pin header, 2x13, 2.54mm pitch, double rows")
    (tags "Through hole pin header THT 2x13 2.54mm double row")
    (path /5FE0C754)
    (fp_text reference "" (at 5.842 6.604 180) (layer F.SilkS)
      (effects (font (size 1 1) (thickness 0.15)))
    )
    (fp_text value RaspPi (at 1.608884 -28.615295 180) (layer B.Fab)
      (effects (font (size 1 1) (thickness 0.15)) (justify mirror))
    )
    (fp_line (start 2.878884 5.464705) (end -0.931116 5.464705) (layer B.Fab) (width 0.1))
    (fp_line (start -0.931116 5.464705) (end -0.931116 -27.555295) (layer B.Fab) (width 0.1))
    (fp_line (start -0.931116 -27.555295) (end 4.148884 -27.555295) (layer B.Fab) (width 0.1))
    (fp_line (start 4.148884 -27.555295) (end 4.148884 4.194705) (layer B.Fab) (width 0.1))
    (fp_line (start 4.148884 4.194705) (end 2.878884 5.464705) (layer B.Fab) (width 0.1))
    (fp_line (start 4.208884 -27.615295) (end -0.991116 -27.615295) (layer B.SilkS) (width 0.12))
    (fp_line (start 4.208884 2.924705) (end 4.208884 -27.615295) (layer B.SilkS) (width 0.12))
    (fp_line (start -0.991116 5.524705) (end -0.991116 -27.615295) (layer B.SilkS) (width 0.12))
    (fp_line (start 4.208884 2.924705) (end 1.608884 2.924705) (layer B.SilkS) (width 0.12))
    (fp_line (start 1.608884 2.924705) (end 1.608884 5.524705) (layer B.SilkS) (width 0.12))
    (fp_line (start 1.608884 5.524705) (end -0.991116 5.524705) (layer B.SilkS) (width 0.12))
    (fp_line (start 4.208884 4.194705) (end 4.208884 5.524705) (layer B.SilkS) (width 0.12))
    (fp_line (start 4.208884 5.524705) (end 2.878884 5.524705) (layer B.SilkS) (width 0.12))
    (fp_line (start 4.678884 5.994705) (end 4.678884 -28.055295) (layer B.CrtYd) (width 0.05))
    (fp_line (start 4.678884 -28.055295) (end -1.471116 -28.055295) (layer B.CrtYd) (width 0.05))
    (fp_line (start -1.471116 -28.055295) (end -1.471116 5.994705) (layer B.CrtYd) (width 0.05))
    (fp_line (start -1.471116 5.994705) (end 4.678884 5.994705) (layer B.CrtYd) (width 0.05))
    (fp_text user %R (at 1.608884 -11.045295 90) (layer B.Fab)
      (effects (font (size 1 1) (thickness 0.15)) (justify mirror))
    )
    (pad 1 thru_hole rect (at 2.878884 4.194705 180) (size 1.7 1.7) (drill 1) (layers *.Cu *.Mask)
      (net 14 +3V3))
    (pad 2 thru_hole oval (at 0.338884 4.194705 180) (size 1.7 1.7) (drill 1) (layers *.Cu *.Mask)
      (net 2 +5V))
    (pad 3 thru_hole oval (at 2.878884 1.654705 180) (size 1.7 1.7) (drill 1) (layers *.Cu *.Mask)
      (net 15 "Net-(Raspi1-Pad3)"))
    (pad 4 thru_hole oval (at 0.338884 1.654705 180) (size 1.7 1.7) (drill 1) (layers *.Cu *.Mask)
      (net 2 +5V))
    (pad 5 thru_hole oval (at 2.878884 -0.885295 180) (size 1.7 1.7) (drill 1) (layers *.Cu *.Mask)
      (net 16 "Net-(Raspi1-Pad5)"))
    (pad 6 thru_hole oval (at 0.338884 -0.885295 180) (size 1.7 1.7) (drill 1) (layers *.Cu *.Mask)
      (net 1 GND))
    (pad 7 thru_hole oval (at 2.878884 -3.425295 180) (size 1.7 1.7) (drill 1) (layers *.Cu *.Mask)
      (net 6 /TempData))
    (pad 8 thru_hole oval (at 0.338884 -3.425295 180) (size 1.7 1.7) (drill 1) (layers *.Cu *.Mask)
      (net 17 "Net-(Raspi1-Pad8)"))
    (pad 9 thru_hole oval (at 2.878884 -5.965295 180) (size 1.7 1.7) (drill 1) (layers *.Cu *.Mask)
      (net 1 GND))
    (pad 10 thru_hole oval (at 0.338884 -5.965295 180) (size 1.7 1.7) (drill 1) (layers *.Cu *.Mask)
      (net 18 "Net-(Raspi1-Pad10)"))
    (pad 11 thru_hole oval (at 2.878884 -8.505295 180) (size 1.7 1.7) (drill 1) (layers *.Cu *.Mask)
      (net 7 /HeaterSignal))
    (pad 12 thru_hole oval (at 0.338884 -8.505295 180) (size 1.7 1.7) (drill 1) (layers *.Cu *.Mask)
      (net 19 "Net-(Raspi1-Pad12)"))
    (pad 13 thru_hole oval (at 2.878884 -11.045295 180) (size 1.7 1.7) (drill 1) (layers *.Cu *.Mask)
      (net 8 /FanSignal))
    (pad 14 thru_hole oval (at 0.338884 -11.045295 180) (size 1.7 1.7) (drill 1) (layers *.Cu *.Mask)
      (net 1 GND))
    (pad 15 thru_hole oval (at 2.878884 -13.585295 180) (size 1.7 1.7) (drill 1) (layers *.Cu *.Mask)
      (net 20 "Net-(Raspi1-Pad15)"))
    (pad 16 thru_hole oval (at 0.338884 -13.585295 180) (size 1.7 1.7) (drill 1) (layers *.Cu *.Mask)
      (net 21 "Net-(Raspi1-Pad16)"))
    (pad 17 thru_hole oval (at 2.878884 -16.125295 180) (size 1.7 1.7) (drill 1) (layers *.Cu *.Mask)
      (net 22 "Net-(Raspi1-Pad17)"))
    (pad 18 thru_hole oval (at 0.338884 -16.125295 180) (size 1.7 1.7) (drill 1) (layers *.Cu *.Mask)
      (net 23 "Net-(Raspi1-Pad18)"))
    (pad 19 thru_hole oval (at 2.878884 -18.665295 180) (size 1.7 1.7) (drill 1) (layers *.Cu *.Mask)
      (net 24 "Net-(Raspi1-Pad19)"))
    (pad 20 thru_hole oval (at 0.338884 -18.665295 180) (size 1.7 1.7) (drill 1) (layers *.Cu *.Mask)
      (net 1 GND))
    (pad 21 thru_hole oval (at 2.878884 -21.205295 180) (size 1.7 1.7) (drill 1) (layers *.Cu *.Mask)
      (net 25 "Net-(Raspi1-Pad21)"))
    (pad 22 thru_hole oval (at 0.338884 -21.205295 180) (size 1.7 1.7) (drill 1) (layers *.Cu *.Mask)
      (net 26 "Net-(Raspi1-Pad22)"))
    (pad 23 thru_hole oval (at 2.878884 -23.745295 180) (size 1.7 1.7) (drill 1) (layers *.Cu *.Mask)
      (net 27 "Net-(Raspi1-Pad23)"))
    (pad 24 thru_hole oval (at 0.338884 -23.745295 180) (size 1.7 1.7) (drill 1) (layers *.Cu *.Mask)
      (net 28 "Net-(Raspi1-Pad24)"))
    (pad 25 thru_hole oval (at 2.878884 -26.285295 180) (size 1.7 1.7) (drill 1) (layers *.Cu *.Mask)
      (net 1 GND))
    (pad 26 thru_hole oval (at 0.338884 -26.285295 180) (size 1.7 1.7) (drill 1) (layers *.Cu *.Mask)
      (net 29 "Net-(Raspi1-Pad26)"))
    (model ${KISYS3DMOD}/Connector_PinHeader_2.54mm.3dshapes/PinHeader_2x13_P2.54mm_Vertical.wrl
      (at (xyz 0 0 0))
      (scale (xyz 1 1 1))
      (rotate (xyz 0 0 0))
    )
  )

  (module Connector_PinHeader_2.54mm:PinHeader_1x03_P2.54mm_Vertical (layer F.Cu) (tedit 59FED5CC) (tstamp 5FF9B5F3)
    (at 250.952 17.272)
    (descr "Through hole straight pin header, 1x03, 2.54mm pitch, single row")
    (tags "Through hole pin header THT 1x03 2.54mm single row")
    (path /5FE0C8A5)
    (fp_text reference Temp1 (at 0 -2.33) (layer F.SilkS)
      (effects (font (size 1 1) (thickness 0.15)))
    )
    (fp_text value Temp_Sensor (at 0 7.41) (layer F.Fab)
      (effects (font (size 1 1) (thickness 0.15)))
    )
    (fp_line (start -0.635 -1.27) (end 1.27 -1.27) (layer F.Fab) (width 0.1))
    (fp_line (start 1.27 -1.27) (end 1.27 6.35) (layer F.Fab) (width 0.1))
    (fp_line (start 1.27 6.35) (end -1.27 6.35) (layer F.Fab) (width 0.1))
    (fp_line (start -1.27 6.35) (end -1.27 -0.635) (layer F.Fab) (width 0.1))
    (fp_line (start -1.27 -0.635) (end -0.635 -1.27) (layer F.Fab) (width 0.1))
    (fp_line (start -1.33 6.41) (end 1.33 6.41) (layer F.SilkS) (width 0.12))
    (fp_line (start -1.33 1.27) (end -1.33 6.41) (layer F.SilkS) (width 0.12))
    (fp_line (start 1.33 1.27) (end 1.33 6.41) (layer F.SilkS) (width 0.12))
    (fp_line (start -1.33 1.27) (end 1.33 1.27) (layer F.SilkS) (width 0.12))
    (fp_line (start -1.33 0) (end -1.33 -1.33) (layer F.SilkS) (width 0.12))
    (fp_line (start -1.33 -1.33) (end 0 -1.33) (layer F.SilkS) (width 0.12))
    (fp_line (start -1.8 -1.8) (end -1.8 6.85) (layer F.CrtYd) (width 0.05))
    (fp_line (start -1.8 6.85) (end 1.8 6.85) (layer F.CrtYd) (width 0.05))
    (fp_line (start 1.8 6.85) (end 1.8 -1.8) (layer F.CrtYd) (width 0.05))
    (fp_line (start 1.8 -1.8) (end -1.8 -1.8) (layer F.CrtYd) (width 0.05))
    (fp_text user %R (at 0 2.54 90) (layer F.Fab)
      (effects (font (size 1 1) (thickness 0.15)))
    )
    (pad 1 thru_hole rect (at 0 0) (size 1.7 1.7) (drill 1) (layers *.Cu *.Mask)
      (net 2 +5V))
    (pad 2 thru_hole oval (at 0 2.54) (size 1.7 1.7) (drill 1) (layers *.Cu *.Mask)
      (net 6 /TempData))
    (pad 3 thru_hole oval (at 0 5.08) (size 1.7 1.7) (drill 1) (layers *.Cu *.Mask)
      (net 1 GND))
    (model ${KISYS3DMOD}/Connector_PinHeader_2.54mm.3dshapes/PinHeader_1x03_P2.54mm_Vertical.wrl
      (at (xyz 0 0 0))
      (scale (xyz 1 1 1))
      (rotate (xyz 0 0 0))
    )
  )

  (module Connector_PinHeader_2.54mm:PinHeader_1x03_P2.54mm_Vertical (layer F.Cu) (tedit 59FED5CC) (tstamp 5FF9B60A)
    (at 250.952 27.178)
    (descr "Through hole straight pin header, 1x03, 2.54mm pitch, single row")
    (tags "Through hole pin header THT 1x03 2.54mm single row")
    (path /5FE0C925)
    (fp_text reference Temp2 (at 0 -2.33) (layer F.SilkS)
      (effects (font (size 1 1) (thickness 0.15)))
    )
    (fp_text value TempSensor (at 0 7.41) (layer F.Fab)
      (effects (font (size 1 1) (thickness 0.15)))
    )
